0	5		15	25
1000	0.00789		0.0237	0.03947 
1500	0.00526		0.0158	0.02632
2000	0.00395		0.0118	0.01974
2500	0.00316		0.00947	0.01579
3000	0.00263		0.00789	0.01316
3500	0.00226		0.00677	0.01128
4000	0.00197		0.00592	0.009869
4500	0.00175		0.00526	0.008772
5000	0.00158		0.00474	0.007895
6000	0.00132		0.00395	0.006578
7000	0.00113		0.00338	0.005634
8000	0.000978	0.00295	0.004915
9000	0.000854	0.00259	0.004332
10000	0.000738	0.00228	0.003827
11000	0.000626	0.00198	0.003362
12000	0.000518	0.00170	0.002916
13000	0.000424	0.00143	0.002495
14000	0.000353	0.00120	0.002120
15000	0.000304	0.00102	0.001810