 0       5      15     25 
 2000   18.34   55.03  91.71
 3000   12.23   36.69  61.14
 4000    9.17   27.50  45.86
 5000    7.35   22.05  36.75
 6000    6.12   18.37  30.62
 7000    5.24   15.71  26.23
 8000    4.55   13.71  22.87
 9000    3.97   12.04  20.15
10000    3.43   10.56  17.77
11000    2.88    9.17  15.53
12000    2.37    7.79  13.36
13000    1.93    6.47  11.32
14000    1.60    5.43   9.52
15000    1.38    4.59   8.07
16000    1.23    4.00   6.99
17000    1.12    3.57   6.22
18000    1.04    3.25   5.64
19000    0.96    2.96   5.19
20000    0.88    2.69   4.81